          0.00000000000000e+00          0.00000000000000e+00
          5.02512562814070e-03          4.39846503565523e-02
          1.00502512562814e-02          8.55673649331977e-02
          1.50753768844221e-02          1.24865861516461e-01
          2.01005025125628e-02          1.61992088597375e-01
          2.51256281407035e-02          1.97052508122046e-01
          3.01507537688442e-02          2.30148364384739e-01
          3.51758793969849e-02          2.61375939742636e-01
          4.02010050251256e-02          2.90826797798126e-01
          4.52261306532663e-02          3.18588014662848e-01
          5.02512562814070e-02          3.44742398887581e-01
          5.52763819095477e-02          3.69368700613471e-01
          6.03015075376884e-02          3.92541810472856e-01
          6.53266331658292e-02          4.14332948742045e-01
          7.03517587939698e-02          4.34809845223807e-01
          7.53768844221106e-02          4.54036910313901e-01
          8.04020100502513e-02          4.72075397683715e-01
          8.54271356783920e-02          4.88983558989898e-01
          9.04522613065327e-02          5.04816791001745e-01
          9.54773869346734e-02          5.19627775517936e-01
          1.00502512562814e-01          5.33466612426018e-01
          1.05527638190955e-01          5.46380946240703e-01
          1.10552763819095e-01          5.58416086440578e-01
          1.15577889447236e-01          5.69615121907174e-01
          1.20603015075377e-01          5.80019029755418e-01
          1.25628140703518e-01          5.89666778830365e-01
          1.30653266331658e-01          5.98595428131592e-01
          1.35678391959799e-01          6.06840220413864e-01
          1.40703517587940e-01          6.14434671200471e-01
          1.45728643216080e-01          6.21410653434060e-01
          1.50753768844221e-01          6.27798477978769e-01
          1.55778894472362e-01          6.33626970176993e-01
          1.60804020100503e-01          6.38923542654126e-01
          1.65829145728643e-01          6.43714264555190e-01
          1.70854271356784e-01          6.48023927388193e-01
          1.75879396984925e-01          6.51876107640549e-01
          1.80904522613065e-01          6.55293226326681e-01
          1.85929648241206e-01          6.58296605617235e-01
          1.90954773869347e-01          6.60906522692913e-01
          1.95979899497487e-01          6.63142260958960e-01
          2.01005025125628e-01          6.65022158749649e-01
          2.06030150753769e-01          6.66563655645781e-01
          2.11055276381910e-01          6.67783336522191e-01
          2.16080402010050e-01          6.68696973436492e-01
          2.21105527638191e-01          6.69319565464888e-01
          2.26130653266332e-01          6.69665376585641e-01
          2.31155778894472e-01          6.69747971705885e-01
          2.36180904522613e-01          6.69580250922791e-01
          2.41206030150754e-01          6.69174482105600e-01
          2.46231155778894e-01          6.68542331880828e-01
          2.51256281407035e-01          6.67694895098901e-01
          2.56281407035176e-01          6.66642722856642e-01
          2.61306532663317e-01          6.65395849146390e-01
          2.66331658291457e-01          6.63963816199056e-01
          2.71356783919598e-01          6.62355698585128e-01
          2.76381909547739e-01          6.60580126134498e-01
          2.81407035175879e-01          6.58645305732998e-01
          2.86432160804020e-01          6.56559042050694e-01
          2.91457286432161e-01          6.54328757254304e-01
          2.96482412060302e-01          6.51961509753507e-01
          3.01507537688442e-01          6.49464012028520e-01
          3.06532663316583e-01          6.46842647583936e-01
          3.11557788944724e-01          6.44103487071675e-01
          3.16582914572864e-01          6.41252303623753e-01
          3.21608040201005e-01          6.38294587433594e-01
          3.26633165829146e-01          6.35235559622726e-01
          3.31658291457286e-01          6.32080185427871e-01
          3.36683417085427e-01          6.28833186741744e-01
          3.41708542713568e-01          6.25499054039235e-01
          3.46733668341709e-01          6.22082057719089e-01
          3.51758793969849e-01          6.18586258889737e-01
          3.56783919597990e-01          6.15015519626527e-01
          3.61809045226131e-01          6.11373512726235e-01
          3.66834170854271e-01          6.07663730983532e-01
          3.71859296482412e-01          6.03889496012799e-01
          3.76884422110553e-01          6.00053966637600e-01
          3.81909547738693e-01          5.96160146868982e-01
          3.86934673366834e-01          5.92210893492770e-01
          3.91959798994975e-01          5.88208923285009e-01
          3.96984924623116e-01          5.84156819873775e-01
          4.02010050251256e-01          5.80057040264704e-01
          4.07035175879397e-01          5.75911921046695e-01
          4.12060301507538e-01          5.71723684293480e-01
          4.17085427135678e-01          5.67494443175964e-01
          4.22110552763819e-01          5.63226207299502e-01
          4.27135678391960e-01          5.58920887779597e-01
          4.32160804020100e-01          5.54580302068848e-01
          4.37185929648241e-01          5.50206178547321e-01
          4.42211055276382e-01          5.45800160887959e-01
          4.47236180904523e-01          5.41363812208035e-01
          4.52261306532663e-01          5.36898619017154e-01
          4.57286432160804e-01          5.32405994971755e-01
          4.62311557788945e-01          5.27887284445614e-01
          4.67336683417085e-01          5.23343765925359e-01
          4.72361809045226e-01          5.18776655239563e-01
          4.77386934673367e-01          5.14187108629591e-01
          4.82412060301508e-01          5.09576225669945e-01
          4.87437185929648e-01          5.04945052045473e-01
          4.92462311557789e-01          5.00294582192484e-01
          4.97487437185930e-01          4.95625761810414e-01
          5.02512562814070e-01          4.90939490250394e-01
          5.07537688442211e-01          4.86236622786766e-01
          5.12562814070352e-01          4.81517972777261e-01
          5.17587939698492e-01          4.76784313717317e-01
          5.22613065326633e-01          4.72036381193710e-01
          5.27638190954774e-01          4.67274874742439e-01
          5.32663316582915e-01          4.62500459615562e-01
          5.37688442211055e-01          4.57713768461434e-01
          5.42713567839196e-01          4.52915402922599e-01
          5.47738693467337e-01          4.48105935155374e-01
          5.52763819095477e-01          4.43285909274951e-01
          5.57788944723618e-01          4.38455842729686e-01
          5.62814070351759e-01          4.33616227608021e-01
          5.67839195979900e-01          4.28767531881369e-01
          5.72864321608040e-01          4.23910200586074e-01
          5.77889447236181e-01          4.19044656947451e-01
          5.82914572864322e-01          4.14171303448733e-01
          5.87939698492462e-01          4.09290522847632e-01
          5.92964824120603e-01          4.04402679143077e-01
          5.97989949748744e-01          3.99508118494576e-01
          6.03015075376884e-01          3.94607170096514e-01
          6.08040201005025e-01          3.89700147009609e-01
          6.13065326633166e-01          3.84787346951613e-01
          6.18090452261307e-01          3.79869053049269e-01
          6.23115577889447e-01          3.74945534553404e-01
          6.28140703517588e-01          3.70017047518984e-01
          6.33165829145729e-01          3.65083835451836e-01
          6.38190954773869e-01          3.60146129923679e-01
          6.43216080402010e-01          3.55204151157005e-01
          6.48241206030151e-01          3.50258108581301e-01
          6.53266331658292e-01          3.45308201362010e-01
          6.58291457286432e-01          3.40354618903567e-01
          6.63316582914573e-01          3.35397541327782e-01
          6.68341708542714e-01          3.30437139928774e-01
          6.73366834170854e-01          3.25473577605617e-01
          6.78391959798995e-01          3.20507009273775e-01
          6.83417085427136e-01          3.15537582256374e-01
          6.88442211055276e-01          3.10565436656300e-01
          6.93467336683417e-01          3.05590705710061e-01
          6.98492462311558e-01          3.00613516124304e-01
          7.03517587939699e-01          2.95633988395839e-01
          7.08542713567839e-01          2.90652237115985e-01
          7.13567839195980e-01          2.85668371259988e-01
          7.18592964824121e-01          2.80682494462270e-01
          7.23618090452261e-01          2.75694705278174e-01
          7.28643216080402e-01          2.70705097432893e-01
          7.33668341708543e-01          2.65713760058190e-01
          7.38693467336683e-01          2.60720777917518e-01
          7.43718592964824e-01          2.55726231620115e-01
          7.48743718592965e-01          2.50730197824594e-01
          7.53768844221106e-01          2.45732749432566e-01
          7.58793969849246e-01          2.40733955772767e-01
          7.63819095477387e-01          2.35733882776160e-01
          7.68844221105528e-01          2.30732593142465e-01
          7.73869346733668e-01          2.25730146498515e-01
          7.78894472361809e-01          2.20726599548860e-01
          7.83919597989950e-01          2.15722006218984e-01
          7.88944723618090e-01          2.10716417791510e-01
          7.93969849246231e-01          2.05709883035721e-01
          7.98994974874372e-01          2.00702448330738e-01
          8.04020100502513e-01          1.95694157782667e-01
          8.09045226130653e-01          1.90685053335988e-01
          8.14070351758794e-01          1.85675174879506e-01
          8.19095477386935e-01          1.80664560347090e-01
          8.24120603015075e-01          1.75653245813490e-01
          8.29145728643216e-01          1.70641265585446e-01
          8.34170854271357e-01          1.65628652288343e-01
          8.39195979899497e-01          1.60615436948608e-01
          8.44221105527638e-01          1.55601649072080e-01
          8.49246231155779e-01          1.50587316718527e-01
          8.54271356783920e-01          1.45572466572521e-01
          8.59296482412060e-01          1.40557124010838e-01
          8.64321608040201e-01          1.35541313166547e-01
          8.69346733668342e-01          1.30525056989967e-01
          8.74371859296482e-01          1.25508377306631e-01
          8.79396984924623e-01          1.20491294872415e-01
          8.84422110552764e-01          1.15473829425956e-01
          8.89447236180904e-01          1.10455999738513e-01
          8.94472361809045e-01          1.05437823661370e-01
          8.99497487437186e-01          1.00419318170931e-01
          9.04522613065327e-01          9.54004994115913e-02
          9.09547738693467e-01          9.03813827365189e-02
          9.14572864321608e-01          8.53619827464293e-02
          9.19597989949749e-01          8.03423133264630e-02
          9.24623115577889e-01          7.53223876812564e-02
          9.29648241206030e-01          7.03022183682930e-02
          9.34673366834171e-01          6.52818173296191e-02
          9.39698492462312e-01          6.02611959220073e-02
          9.44723618090452e-01          5.52403649456393e-02
          9.49748743718593e-01          5.02193346713851e-02
          9.54773869346734e-01          4.51981148667441e-02
          9.59798994974874e-01          4.01767148205149e-02
          9.64824120603015e-01          3.51551433662563e-02
          9.69849246231156e-01          3.01334089045980e-02
          9.74874371859296e-01          2.51115194244593e-02
          9.79899497487437e-01          2.00894825232257e-02
          9.84924623115578e-01          1.50673054259382e-02
          9.89949748743719e-01          1.00449950035424e-02
          9.94974874371859e-01          5.02255779024134e-03
          1.00000000000000e+00          5.88857304931190e-18
